
 ======================================================================

 2456762       546         657      6565786567   1111     00000000
 34    83      47 5       3 56          67         11     00    00
 54    85      65   3   6   93          98         11     00    00
 3656689       45     5     67          67         11     00    00
 4656          78           67          90         11     00    00
 3657686       56           54          97         11     00    00
 47    63      32           98          09         11     00    00
 65    78      29           87          67         11     00    00
 5446546       78           09       457577687    1111 89 00000000

 ======================================================================
